camera_matrix:
- - 632.4222928688185
  - 0.0
  - 326.80937694248837
- - 0.0
  - 632.0349244903624
  - 267.5555995116371
- - 0.0
  - 0.0
  - 1.0
distortion_coefficients:
- - -0.03995178139572983
  - 0.9786250872239696
  - 0.019490500884165183
  - 0.004095778086394944
  - -9.275111586298179
ret: 1.0477033033360192
rotation_vectors:
- - - 0.5881058320721311
  - - -0.2165778117647451
  - - 3.025790370179935
- - - 0.06666631045973787
  - - -0.6156649151066387
  - - 3.013810428502905
- - - 0.16843440993080502
  - - 0.6835631936195082
  - - 3.049837713247187
- - - 0.05896706989573563
  - - 1.534992907864775
  - - 2.597401626330719
- - - 0.8780841504414884
  - - 0.26999450320621576
  - - 2.91240758469521
- - - 0.2115700037916308
  - - 0.6180067533380095
  - - 3.0469047095556623
- - - -0.14462619633480542
  - - -0.3528548208026091
  - - -3.1117965751642562
- - - 0.6776450387057258
  - - -0.19023599791987247
  - - -2.9664852670439137
- - - 0.027558759745449846
  - - -0.24799765542260863
  - - -3.100254708618128
translation_vectors:
- - - 4.101454462594938
  - - 2.7587233615981748
  - - 17.731855091201336
- - - 4.501453856768424
  - - 2.2075156813183674
  - - 19.093257377793886
- - - 5.036556337926179
  - - 3.1371962662615585
  - - 17.46470535953146
- - - 4.672942557629048
  - - 3.568701656972164
  - - 21.577779377450145
- - - 2.2857370973318956
  - - 3.405303562271623
  - - 17.39887770422468
- - - 4.823925671998614
  - - 2.871669510394227
  - - 18.23147580002997
- - - 2.229734565886222
  - - 3.875709976420459
  - - 20.11689539005066
- - - 3.5545019659243513
  - - 3.545046327333191
  - - 23.223703783425236
- - - 2.479871293385259
  - - 3.0297816188602145
  - - 15.766634456368365
